drop-rates:
  fish: 0.00005   # 0.005%
  mine: 0.00003   # 0.003%
  slay: 0.00001   # 0.001%
